ENVI ASCII Plot File [Tue Sep 23 00:43:46 2014]
Column 1: Band Number
Column 2: TYPE:LON; Bias=-0.70905209; SCA:A; Detector=130; Lat=33.707381; Lon=-118.50485~~1
Column 3: TYPE:LAT; Bias=-0.70905209; SCA:A; Detector=130; Lat=33.707381; Lon=-118.50485~~2
   1.0000000000  -117.6032485962    35.3033981323
   2.0000000000  -117.9363250732    35.3347625732
   3.0000000000  -117.6089859009    35.2807502747
   4.0000000000  -117.9691925049    35.3165855408
   5.0000000000  -118.2966079712    35.3701286316
   6.0000000000  -117.6477050781    35.2399978638
   7.0000000000  -117.9803619385    35.2712974548
   8.0000000000  -117.6534194946    35.2173728943
   9.0000000000  -117.3323135376    35.1403961182
  10.0000000000  -118.3075103760    35.3247947693
  11.0000000000  -117.3381500244    35.1178054810
  12.0000000000  -118.3129501343    35.3021430969
  13.0000000000  -118.6562957764    35.2872390747
  14.0000000000  -118.6668777466    35.2419624329
  15.0000000000  -118.6721649170    35.2193374634
  16.0000000000  -118.6774444580    35.1967201233
  17.0000000000  -118.8954772949    35.2317657471
  18.0000000000  -118.9006729126    35.2091369629
  19.0000000000  -118.9058609009    35.1865196228
  20.0000000000  -118.9162368774    35.1413040161
  21.0000000000  -118.9214096069    35.1187095642
  22.0000000000  -119.2838211060    35.0126380920
  23.0000000000  -119.3210983276    34.9718132019
  24.0000000000  -119.7117767334    34.7300453186
  25.0000000000  -119.6574249268    34.7215919495
  26.0000000000  -119.6302566528    34.7173614502
  27.0000000000  -119.6351623535    34.6948661804
  28.0000000000  -119.6129302979    34.6681480408
  29.0000000000  -119.7535629272    34.6667594910
  30.0000000000  -119.7632904053    34.6217842102
  31.0000000000  -119.7778701782    34.5543632507
  32.0000000000  -119.8641052246    34.5444602966
  33.0000000000  -119.8960723877    34.5261726379
  34.0000000000  -119.8418121338    34.5178108215
  35.0000000000  -120.1129760742    34.1654052734
  36.0000000000  -120.0588989258    34.1571884155
  37.0000000000  -120.0318756104    34.1530723572
  38.0000000000  -120.1447830200    34.1470909119
  39.0000000000  -120.1908340454    34.0615386963
  40.0000000000  -120.1638031006    34.0574569702
  41.0000000000  -120.1097869873    34.0492744446
  42.0000000000  -120.0827941895    34.0451812744
  43.0000000000  -120.1701126099    33.8966293335
  44.0000000000  -120.2827529907    33.8904724121
  45.0000000000  -119.6860046387    32.3222312927
  46.0000000000  -119.6909179688    32.2998352051
  47.0000000000  -119.5313720703    32.1591873169
  48.0000000000  -119.5363159180    32.1367721558
  49.0000000000  -117.6419906616    35.2626266479
  50.0000000000  -117.9747772217    35.2939376831
  51.0000000000  -117.3264770508    35.1629943848
  52.0000000000  -118.3020629883    35.3474540710
  53.0000000000  -117.9859313965    35.2486648560
  54.0000000000  -118.3183898926    35.2794990540
  55.0000000000  -118.6615905762    35.2645988464
  56.0000000000  -118.9110488892    35.1639099121
  57.0000000000  -119.3160781860    34.9943733215
  58.0000000000  -119.3261184692    34.9492607117
  59.0000000000  -119.3311309814    34.9267120361
  60.0000000000  -119.3361434937    34.9041748047
  61.0000000000  -119.6845932007    34.7258186340
  62.0000000000  -119.7584304810    34.6442680359
  63.0000000000  -119.7827301025    34.5318984985
  64.0000000000  -119.8689346313    34.5219917297
  65.0000000000  -119.8466415405    34.4953536987
  66.0000000000  -120.1970748901    33.9006958008
  67.0000000000  -120.3097534180    33.8945198059
  68.0000000000  -120.2287902832    33.8823661804
  69.0000000000  -119.7221755981    32.2815017700
  70.0000000000  -117.6419906616    35.2626266479
  71.0000000000  -117.9747772217    35.2939376831
  72.0000000000  -117.3264770508    35.1629943848
  73.0000000000  -118.3020629883    35.3474540710
  74.0000000000  -117.9859313965    35.2486648560
  75.0000000000  -118.3183898926    35.2794990540
  76.0000000000  -118.6615905762    35.2645988464
  77.0000000000  -118.9110488892    35.1639099121
  78.0000000000  -119.3160781860    34.9943733215
  79.0000000000  -119.3261184692    34.9492607117
  80.0000000000  -119.3311309814    34.9267120361
  81.0000000000  -119.3361434937    34.9041748047
  82.0000000000  -119.6845932007    34.7258186340
  83.0000000000  -119.7584304810    34.6442680359
  84.0000000000  -119.7827301025    34.5318984985
  85.0000000000  -119.8689346313    34.5219917297
  86.0000000000  -119.8466415405    34.4953536987
  87.0000000000  -120.1970748901    33.9006958008
  88.0000000000  -120.3097534180    33.8945198059
  89.0000000000  -120.2287902832    33.8823661804
  90.0000000000  -119.7221755981    32.2815017700
  91.0000000000  -119.7681503296    34.5993041992
  92.0000000000  -119.7730102539    34.5768318176
  93.0000000000  -120.2557678223    33.8864212036
  94.0000000000  -119.7681503296    34.5993041992
  95.0000000000  -119.7730102539    34.5768318176
  96.0000000000  -120.2557678223    33.8864212036
  97.0000000000  -119.7681503296    34.5993041992
  98.0000000000  -119.7730102539    34.5768318176
  99.0000000000  -120.2557678223    33.8864212036
