      -117.60325      -117.60899      -117.61472      -117.62045      -117.62617
      -117.63189      -117.63760      -117.64330      -117.64900      -117.65469
      -117.71127      -117.71690      -117.74397      -117.74957      -117.75517
      -117.76077      -117.76637      -117.77195      -117.77753      -117.84407
      -117.84958      -117.85508      -117.86058      -117.86608      -117.87157
      -117.87705      -117.88253      -117.88801      -117.89348      -117.89894
      -117.92575
      -117.93633      -117.94193      -117.94752      -117.95311      -117.95869
      -117.96427      -117.96985      -117.97541      -117.98097      -117.98653
      -118.04179      -118.04729      -118.07436      -118.07984      -118.08532
      -118.09079      -118.09625      -118.10172      -118.10717      -118.17228
      -118.17767      -118.18306      -118.18845      -118.19383      -118.19920
      -118.20458      -118.20995      -118.21531      -118.22067      -118.22603
      -118.25284
      -117.60899      -117.61472      -117.62045      -117.62617      -117.63189
      -117.63760      -117.64330      -117.64900      -117.65469      -117.66038
      -117.71690      -117.72251      -117.74957      -117.75517      -117.76077
      -117.76637      -117.77195      -117.77753      -117.78310      -117.84958
      -117.85508      -117.86058      -117.86608      -117.87157      -117.87705
      -117.88253      -117.88801      -117.89348      -117.89894      -117.90440
      -117.93120
      -117.96919      -117.97478      -117.98036      -117.98593      -117.99150
      -117.99706      -118.00262      -118.00817      -118.01372      -118.01926
      -118.07436      -118.07984      -118.10690      -118.11237      -118.11783
      -118.12328      -118.12874      -118.13419      -118.13963      -118.20456
      -118.20995      -118.21532      -118.22070      -118.22606      -118.23142
      -118.23679      -118.24214      -118.24749      -118.25284      -118.25818
      -118.28498
      -118.29661      -118.30206      -118.30751      -118.31295      -118.31839
      -118.32382      -118.32925      -118.33467      -118.34009      -118.34550
      -118.39937      -118.40472      -118.43182      -118.43716      -118.44250
      -118.44785      -118.45318      -118.45850      -118.46383      -118.52741
      -118.53268      -118.53796      -118.54322      -118.54848      -118.55374
      -118.55899      -118.56424      -118.56949      -118.57473      -118.57997
      -118.60680
      -117.64771      -117.65342      -117.65913      -117.66483      -117.67052
      -117.67620      -117.68188      -117.68755      -117.69322      -117.69888
      -117.75517      -117.76077      -117.78781      -117.79340      -117.79897
      -117.80454      -117.81010      -117.81567      -117.82122      -117.88745
      -117.89294      -117.89842      -117.90389      -117.90936      -117.91483
      -117.92030      -117.92575      -117.93120      -117.93665      -117.94209
      -117.96887
      -117.98036      -117.98593      -117.99150      -117.99706      -118.00262
      -118.00817      -118.01372      -118.01926      -118.02479      -118.03032
      -118.08532      -118.09079      -118.11783      -118.12328      -118.12874
      -118.13419      -118.13963      -118.14507      -118.15050      -118.21532
      -118.22070      -118.22606      -118.23142      -118.23679      -118.24214
      -118.24749      -118.25284      -118.25818      -118.26352      -118.26885
      -118.29564
      -117.65342      -117.65913      -117.66483      -117.67052      -117.67620
      -117.68188      -117.68755      -117.69322      -117.69888      -117.70454
      -117.76077      -117.76637      -117.79340      -117.79897      -117.80454
      -117.81010      -117.81567      -117.82122      -117.82677      -117.89294
      -117.89842      -117.90389      -117.90936      -117.91483      -117.92030
      -117.92575      -117.93120      -117.93665      -117.94209      -117.94753
      -117.97430
      -117.33231      -117.33815      -117.34397      -117.34979      -117.35560
      -117.36140      -117.36720      -117.37299      -117.37878      -117.38455
      -117.44196      -117.44766      -117.47469      -117.48038      -117.48607
      -117.49174      -117.49741      -117.50308      -117.50874      -117.57619
      -117.58178      -117.58736      -117.59293      -117.59850      -117.60406
      -117.60963      -117.61517      -117.62072      -117.62627      -117.63180
      -117.65857
      -118.30751      -118.31295      -118.31839      -118.32382      -118.32925
      -118.33467      -118.34009      -118.34550      -118.35091      -118.35631
      -118.41008      -118.41544      -118.44250      -118.44785      -118.45318
      -118.45850      -118.46383      -118.46915      -118.47447      -118.53796
      -118.54322      -118.54848      -118.55374      -118.55899      -118.56424
      -118.56949      -118.57473      -118.57997      -118.58521      -118.59044
      -118.61726
      -117.33815      -117.34397      -117.34979      -117.35560      -117.36140
      -117.36720      -117.37299      -117.37878      -117.38455      -117.39032
      -117.44766      -117.45336      -117.48038      -117.48607      -117.49174
      -117.49741      -117.50308      -117.50874      -117.51440      -117.58178
      -117.58736      -117.59293      -117.59850      -117.60406      -117.60963
      -117.61517      -117.62072      -117.62627      -117.63180      -117.63733
      -117.66409
      -118.31295      -118.31839      -118.32382      -118.32925      -118.33467
      -118.34009      -118.34550      -118.35091      -118.35631      -118.36171
      -118.41544      -118.42078      -118.44785      -118.45318      -118.45850
      -118.46383      -118.46915      -118.47447      -118.47978      -118.54322
      -118.54848      -118.55374      -118.55899      -118.56424      -118.56949
      -118.57473      -118.57997      -118.58521      -118.59044      -118.59566
      -118.62247
      -118.65630      -118.66159      -118.66688      -118.67216      -118.67744
      -118.68272      -118.68800      -118.69327      -118.69853      -118.70380
      -118.75619      -118.76141      -118.78848      -118.79369      -118.79890
      -118.80409      -118.80929      -118.81448      -118.81966      -118.88166
      -118.88680      -118.89194      -118.89709      -118.90222      -118.90736
      -118.91248      -118.91761      -118.92274      -118.92786      -118.93298
      -118.95980
      -118.66688      -118.67216      -118.67744      -118.68272      -118.68800
      -118.69327      -118.69853      -118.70380      -118.70905      -118.71430
      -118.76662      -118.77184      -118.79890      -118.80409      -118.80929
      -118.81448      -118.81966      -118.82485      -118.83003      -118.89194
      -118.89709      -118.90222      -118.90736      -118.91248      -118.91761
      -118.92274      -118.92786      -118.93298      -118.93809      -118.94320
      -118.97002
      -118.67216      -118.67744      -118.68272      -118.68800      -118.69327
      -118.69853      -118.70380      -118.70905      -118.71430      -118.71955
      -118.77184      -118.77705      -118.80409      -118.80929      -118.81448
      -118.81966      -118.82485      -118.83003      -118.83521      -118.89709
      -118.90222      -118.90736      -118.91248      -118.91761      -118.92274
      -118.92786      -118.93298      -118.93809      -118.94320      -118.94831
      -118.97512
      -118.67744      -118.68272      -118.68800      -118.69327      -118.69853
      -118.70380      -118.70905      -118.71430      -118.71955      -118.72480
      -118.77705      -118.78225      -118.80929      -118.81448      -118.81966
      -118.82485      -118.83003      -118.83521      -118.84039      -118.90222
      -118.90736      -118.91248      -118.91761      -118.92274      -118.92786
      -118.93298      -118.93809      -118.94320      -118.94831      -118.95342
      -118.98022
      -118.89548      -118.90067      -118.90586      -118.91105      -118.91624
      -118.92141      -118.92659      -118.93176      -118.93693      -118.94209
      -118.99356      -118.99869      -119.02576      -119.03088      -119.03600
      -119.04111      -119.04621      -119.05132      -119.05642      -119.11741
      -119.12247      -119.12753      -119.13260      -119.13765      -119.14271
      -119.14776      -119.15281      -119.15786      -119.16290      -119.16795
      -119.19479
      -118.90067      -118.90586      -118.91105      -118.91624      -118.92141
      -118.92659      -118.93176      -118.93693      -118.94209      -118.94726
      -118.99869      -119.00381      -119.03088      -119.03600      -119.04111
      -119.04621      -119.05132      -119.05642      -119.06152      -119.12247
      -119.12753      -119.13260      -119.13765      -119.14271      -119.14776
      -119.15281      -119.15786      -119.16290      -119.16795      -119.17298
      -119.19981
      -118.90586      -118.91105      -118.91624      -118.92141      -118.92659
      -118.93176      -118.93693      -118.94209      -118.94726      -118.95242
      -119.00381      -119.00893      -119.03600      -119.04111      -119.04621
      -119.05132      -119.05642      -119.06152      -119.06661      -119.12753
      -119.13260      -119.13765      -119.14271      -119.14776      -119.15281
      -119.15786      -119.16290      -119.16795      -119.17298      -119.17802
      -119.20484
      -118.91624      -118.92141      -118.92659      -118.93176      -118.93693
      -118.94209      -118.94726      -118.95242      -118.95757      -118.96272
      -119.01405      -119.01917      -119.04621      -119.05132      -119.05642
      -119.06152      -119.06661      -119.07170      -119.07679      -119.13765
      -119.14271      -119.14776      -119.15281      -119.15786      -119.16290
      -119.16795      -119.17298      -119.17802      -119.18306      -119.18809
      -119.21490
      -118.92141      -118.92659      -118.93176      -118.93693      -118.94209
      -118.94726      -118.95242      -118.95757      -118.96272      -118.96787
      -119.01917      -119.02428      -119.05132      -119.05642      -119.06152
      -119.06661      -119.07170      -119.07679      -119.08188      -119.14271
      -119.14776      -119.15281      -119.15786      -119.16290      -119.16795
      -119.17298      -119.17802      -119.18306      -119.18809      -119.19312
      -119.21992
      -119.28382      -119.28886      -119.29388      -119.29891      -119.30394
      -119.30897      -119.31399      -119.31900      -119.32402      -119.32903
      -119.37903      -119.38401      -119.41106      -119.41603      -119.42101
      -119.42597      -119.43095      -119.43591      -119.44087      -119.50031
      -119.50524      -119.51019      -119.51512      -119.52006      -119.52499
      -119.52992      -119.53485      -119.53978      -119.54471      -119.54964
      -119.57645
      -119.32110      -119.32612      -119.33113      -119.33614      -119.34116
      -119.34616      -119.35117      -119.35617      -119.36118      -119.36617
      -119.41603      -119.42101      -119.44804      -119.45300      -119.45796
      -119.46291      -119.46787      -119.47282      -119.47778      -119.53706
      -119.54199      -119.54692      -119.55185      -119.55677      -119.56170
      -119.56662      -119.57154      -119.57645      -119.58138      -119.58629
      -119.61311
      -119.71178      -119.71665      -119.72153      -119.72640      -119.73128
      -119.73615      -119.74102      -119.74589      -119.75076      -119.75562
      -119.80420      -119.80904      -119.83606      -119.84090      -119.84574
      -119.85059      -119.85542      -119.86026      -119.86509      -119.92304
      -119.92787      -119.93269      -119.93752      -119.94234      -119.94716
      -119.95197      -119.95679      -119.96162      -119.96643      -119.97125
      -119.99807
      -119.65742      -119.66232      -119.66721      -119.67210      -119.67699
      -119.68188      -119.68678      -119.69166      -119.69655      -119.70143
      -119.75018      -119.75504      -119.78204      -119.78690      -119.79175
      -119.79661      -119.80146      -119.80631      -119.81116      -119.86929
      -119.87413      -119.87897      -119.88380      -119.88864      -119.89348
      -119.89832      -119.90314      -119.90798      -119.91281      -119.91764
      -119.94444
      -119.63026      -119.63516      -119.64007      -119.64497      -119.64987
      -119.65477      -119.65967      -119.66456      -119.66946      -119.67435
      -119.72318      -119.72805      -119.75504      -119.75990      -119.76477
      -119.76963      -119.77449      -119.77935      -119.78421      -119.84243
      -119.84727      -119.85212      -119.85696      -119.86181      -119.86665
      -119.87149      -119.87634      -119.88117      -119.88601      -119.89085
      -119.91764
      -119.63516      -119.64007      -119.64497      -119.64987      -119.65477
      -119.65967      -119.66456      -119.66946      -119.67435      -119.67924
      -119.72805      -119.73292      -119.75990      -119.76477      -119.76963
      -119.77449      -119.77935      -119.78421      -119.78907      -119.84727
      -119.85212      -119.85696      -119.86181      -119.86665      -119.87149
      -119.87634      -119.88117      -119.88601      -119.89085      -119.89569
      -119.92247
      -119.61293      -119.61784      -119.62275      -119.62766      -119.63256
      -119.63747      -119.64237      -119.64727      -119.65217      -119.65707
      -119.70595      -119.71082      -119.73779      -119.74266      -119.74754
      -119.75240      -119.75727      -119.76213      -119.76700      -119.82528
      -119.83013      -119.83498      -119.83984      -119.84468      -119.84953
      -119.85438      -119.85922      -119.86407      -119.86891      -119.87376
      -119.90053
      -119.75356      -119.75843      -119.76329      -119.76815      -119.77301
      -119.77787      -119.78273      -119.78758      -119.79243      -119.79729
      -119.84574      -119.85059      -119.87759      -119.88242      -119.88725
      -119.89207      -119.89690      -119.90173      -119.90655      -119.96438
      -119.96919      -119.97401      -119.97882      -119.98363      -119.98845
      -119.99326      -119.99807      -120.00288      -120.00769      -120.01250
      -120.03931
      -119.76329      -119.76815      -119.77301      -119.77787      -119.78273
      -119.78758      -119.79243      -119.79729      -119.80214      -119.80699
      -119.85542      -119.86026      -119.88725      -119.89207      -119.89690
      -119.90173      -119.90655      -119.91137      -119.91619      -119.97401
      -119.97882      -119.98363      -119.98845      -119.99326      -119.99807
      -120.00288      -120.00769      -120.01250      -120.01731      -120.02212
      -120.04891
      -119.77787      -119.78273      -119.78758      -119.79243      -119.79729
      -119.80214      -119.80699      -119.81184      -119.81669      -119.82153
      -119.86993      -119.87476      -119.90173      -119.90655      -119.91137
      -119.91619      -119.92101      -119.92583      -119.93066      -119.98845
      -119.99326      -119.99807      -120.00288      -120.00769      -120.01250
      -120.01731      -120.02212      -120.02692      -120.03174      -120.03654
      -120.06332
      -119.86411      -119.86893      -119.87376      -119.87859      -119.88342
      -119.88824      -119.89307      -119.89789      -119.90271      -119.90752
      -119.95567      -119.96048      -119.98746      -119.99226      -119.99706
      -120.00186      -120.00666      -120.01146      -120.01626      -120.07378
      -120.07858      -120.08337      -120.08816      -120.09295      -120.09773
      -120.10252      -120.10732      -120.11211      -120.11689      -120.12168
      -120.14848
      -119.89607      -119.90089      -119.90571      -119.91052      -119.91534
      -119.92016      -119.92497      -119.92979      -119.93459      -119.93941
      -119.98746      -119.99226      -120.01925      -120.02404      -120.02883
      -120.03362      -120.03841      -120.04321      -120.04800      -120.10543
      -120.11021      -120.11500      -120.11978      -120.12457      -120.12934
      -120.13412      -120.13891      -120.14369      -120.14848      -120.15326
      -120.18005
      -119.84181      -119.84664      -119.85148      -119.85632      -119.86115
      -119.86598      -119.87081      -119.87564      -119.88047      -119.88530
      -119.93351      -119.93832      -119.96529      -119.97010      -119.97491
      -119.97971      -119.98452      -119.98932      -119.99413      -120.05173
      -120.05653      -120.06133      -120.06612      -120.07092      -120.07571
      -120.08051      -120.08530      -120.09010      -120.09489      -120.09969
      -120.12646
      -120.11298      -120.11774      -120.12251      -120.12727      -120.13203
      -120.13680      -120.14156      -120.14632      -120.15108      -120.15584
      -120.20342      -120.20818      -120.23508      -120.23984      -120.24458
      -120.24934      -120.25408      -120.25883      -120.26359      -120.32059
      -120.32535      -120.33010      -120.33485      -120.33961      -120.34436
      -120.34911      -120.35387      -120.35863      -120.36338      -120.36814
      -120.39488
      -120.05890      -120.06368      -120.06846      -120.07324      -120.07802
      -120.08279      -120.08757      -120.09235      -120.09712      -120.10190
      -120.14962      -120.15439      -120.18128      -120.18604      -120.19080
      -120.19557      -120.20033      -120.20509      -120.20986      -120.26702
      -120.27178      -120.27655      -120.28132      -120.28608      -120.29085
      -120.29561      -120.30038      -120.30515      -120.30991      -120.31468
      -120.34140
      -120.03188      -120.03667      -120.04145      -120.04623      -120.05103
      -120.05581      -120.06059      -120.06538      -120.07016      -120.07494
      -120.12273      -120.12751      -120.15439      -120.15916      -120.16393
      -120.16870      -120.17347      -120.17825      -120.18301      -120.24025
      -120.24502      -120.24979      -120.25456      -120.25933      -120.26410
      -120.26888      -120.27364      -120.27842      -120.28319      -120.28796
      -120.31468
      -120.14478      -120.14954      -120.15430      -120.15905      -120.16380
      -120.16856      -120.17332      -120.17807      -120.18282      -120.18758
      -120.23508      -120.23984      -120.26675      -120.27148      -120.27623
      -120.28098      -120.28572      -120.29046      -120.29520      -120.35214
      -120.35689      -120.36164      -120.36639      -120.37113      -120.37589
      -120.38063      -120.38538      -120.39013      -120.39488      -120.39964
      -120.42638
      -120.19083      -120.19558      -120.20033      -120.20507      -120.20982
      -120.21456      -120.21931      -120.22405      -120.22879      -120.23354
      -120.28098      -120.28572      -120.31261      -120.31735      -120.32208
      -120.32682      -120.33156      -120.33630      -120.34103      -120.39792
      -120.40266      -120.40740      -120.41215      -120.41689      -120.42164
      -120.42638      -120.43113      -120.43587      -120.44063      -120.44537
      -120.47211
      -120.16380      -120.16856      -120.17332      -120.17807      -120.18282
      -120.18758      -120.19232      -120.19707      -120.20183      -120.20658
      -120.25408      -120.25883      -120.28572      -120.29046      -120.29520
      -120.29995      -120.30470      -120.30944      -120.31418      -120.37113
      -120.37589      -120.38063      -120.38538      -120.39013      -120.39488
      -120.39964      -120.40439      -120.40914      -120.41389      -120.41865
      -120.44537
      -120.10979      -120.11456      -120.11932      -120.12409      -120.12886
      -120.13363      -120.13840      -120.14316      -120.14793      -120.15269
      -120.20033      -120.20509      -120.23196      -120.23672      -120.24148
      -120.24623      -120.25098      -120.25574      -120.26050      -120.31760
      -120.32236      -120.32712      -120.33188      -120.33664      -120.34140
      -120.34617      -120.35093      -120.35569      -120.36046      -120.36522
      -120.39193
      -120.08279      -120.08757      -120.09235      -120.09712      -120.10190
      -120.10667      -120.11144      -120.11622      -120.12099      -120.12576
      -120.17347      -120.17825      -120.20509      -120.20986      -120.21462
      -120.21938      -120.22415      -120.22891      -120.23367      -120.29085
      -120.29561      -120.30038      -120.30515      -120.30991      -120.31468
      -120.31944      -120.32421      -120.32898      -120.33376      -120.33852
      -120.36522
      -120.17011      -120.17487      -120.17963      -120.18439      -120.18915
      -120.19390      -120.19866      -120.20342      -120.20818      -120.21294
      -120.26050      -120.26526      -120.29208      -120.29684      -120.30159
      -120.30634      -120.31109      -120.31584      -120.32059      -120.37766
      -120.38241      -120.38717      -120.39193      -120.39669      -120.40145
      -120.40621      -120.41097      -120.41573      -120.42049      -120.42526
      -120.45194
      -120.28275      -120.28748      -120.29221      -120.29694      -120.30167
      -120.30640      -120.31113      -120.31586      -120.32059      -120.32533
      -120.37263      -120.37737      -120.40423      -120.40895      -120.41368
      -120.41841      -120.42313      -120.42786      -120.43259      -120.48939
      -120.49412      -120.49886      -120.50360      -120.50834      -120.51308
      -120.51782      -120.52256      -120.52731      -120.53205      -120.53680
      -120.56351
      -119.68600      -119.69092      -119.69583      -119.70074      -119.70566
      -119.71058      -119.71549      -119.72041      -119.72532      -119.73023
      -119.77938      -119.78429      -119.81057      -119.81548      -119.82040
      -119.82531      -119.83022      -119.83514      -119.84005      -119.89908
      -119.90400      -119.90893      -119.91386      -119.91878      -119.92371
      -119.92863      -119.93356      -119.93849      -119.94343      -119.94836
      -119.97456
      -119.69092      -119.69583      -119.70074      -119.70566      -119.71058
      -119.71549      -119.72041      -119.72532      -119.73023      -119.73515
      -119.78429      -119.78921      -119.81548      -119.82040      -119.82531
      -119.83022      -119.83514      -119.84005      -119.84496      -119.90400
      -119.90893      -119.91386      -119.91878      -119.92371      -119.92863
      -119.93356      -119.93849      -119.94343      -119.94836      -119.95329
      -119.97948
      -119.53137      -119.53632      -119.54126      -119.54620      -119.55114
      -119.55608      -119.56103      -119.56596      -119.57091      -119.57585
      -119.62526      -119.63020      -119.65641      -119.66135      -119.66628
      -119.67123      -119.67616      -119.68111      -119.68604      -119.74535
      -119.75031      -119.75525      -119.76020      -119.76514      -119.77010
      -119.77505      -119.78000      -119.78495      -119.78990      -119.79485
      -119.82100
      -119.53632      -119.54126      -119.54620      -119.55114      -119.55608
      -119.56103      -119.56596      -119.57091      -119.57585      -119.58079
      -119.63020      -119.63514      -119.66135      -119.66628      -119.67123
      -119.67616      -119.68111      -119.68604      -119.69099      -119.75031
      -119.75525      -119.76020      -119.76514      -119.77010      -119.77505
      -119.78000      -119.78495      -119.78990      -119.79485      -119.79981
      -119.82595
      -117.64199      -117.64771      -117.65342      -117.65913      -117.66483
      -117.67052      -117.67620      -117.68188      -117.68755      -117.69322
      -117.74957      -117.75517      -117.78223      -117.78781      -117.79340
      -117.79897      -117.80454      -117.81010      -117.81567      -117.88196
      -117.88745      -117.89294      -117.89842      -117.90389      -117.90936
      -117.91483      -117.92030      -117.92575      -117.93120      -117.93665
      -117.96344
      -117.97478      -117.98036      -117.98593      -117.99150      -117.99706
      -118.00262      -118.00817      -118.01372      -118.01926      -118.02479
      -118.07984      -118.08532      -118.11237      -118.11783      -118.12328
      -118.12874      -118.13419      -118.13963      -118.14507      -118.20995
      -118.21532      -118.22070      -118.22606      -118.23142      -118.23679
      -118.24214      -118.24749      -118.25284      -118.25818      -118.26352
      -118.29031
      -117.32648      -117.33231      -117.33815      -117.34397      -117.34979
      -117.35560      -117.36140      -117.36720      -117.37299      -117.37878
      -117.43625      -117.44196      -117.46899      -117.47469      -117.48038
      -117.48607      -117.49174      -117.49741      -117.50308      -117.57061
      -117.57619      -117.58178      -117.58736      -117.59293      -117.59850
      -117.60406      -117.60963      -117.61517      -117.62072      -117.62627
      -117.65304
      -118.30206      -118.30751      -118.31295      -118.31839      -118.32382
      -118.32925      -118.33467      -118.34009      -118.34550      -118.35091
      -118.40472      -118.41008      -118.43716      -118.44250      -118.44785
      -118.45318      -118.45850      -118.46383      -118.46915      -118.53268
      -118.53796      -118.54322      -118.54848      -118.55374      -118.55899
      -118.56424      -118.56949      -118.57473      -118.57997      -118.58521
      -118.61203
      -117.98593      -117.99150      -117.99706      -118.00262      -118.00817
      -118.01372      -118.01926      -118.02479      -118.03032      -118.03584
      -118.09079      -118.09625      -118.12328      -118.12874      -118.13419
      -118.13963      -118.14507      -118.15050      -118.15592      -118.22070
      -118.22606      -118.23142      -118.23679      -118.24214      -118.24749
      -118.25284      -118.25818      -118.26352      -118.26885      -118.27419
      -118.30096
      -118.31839      -118.32382      -118.32925      -118.33467      -118.34009
      -118.34550      -118.35091      -118.35631      -118.36171      -118.36710
      -118.42078      -118.42612      -118.45318      -118.45850      -118.46383
      -118.46915      -118.47447      -118.47978      -118.48509      -118.54848
      -118.55374      -118.55899      -118.56424      -118.56949      -118.57473
      -118.57997      -118.58521      -118.59044      -118.59566      -118.60089
      -118.62769
      -118.66159      -118.66688      -118.67216      -118.67744      -118.68272
      -118.68800      -118.69327      -118.69853      -118.70380      -118.70905
      -118.76141      -118.76662      -118.79369      -118.79890      -118.80409
      -118.80929      -118.81448      -118.81966      -118.82485      -118.88680
      -118.89194      -118.89709      -118.90222      -118.90736      -118.91248
      -118.91761      -118.92274      -118.92786      -118.93298      -118.93809
      -118.96491
      -118.91105      -118.91624      -118.92141      -118.92659      -118.93176
      -118.93693      -118.94209      -118.94726      -118.95242      -118.95757
      -119.00893      -119.01405      -119.04111      -119.04621      -119.05132
      -119.05642      -119.06152      -119.06661      -119.07170      -119.13260
      -119.13765      -119.14271      -119.14776      -119.15281      -119.15786
      -119.16290      -119.16795      -119.17298      -119.17802      -119.18306
      -119.20987
      -119.31608      -119.32110      -119.32612      -119.33113      -119.33614
      -119.34116      -119.34616      -119.35117      -119.35617      -119.36118
      -119.41106      -119.41603      -119.44307      -119.44804      -119.45300
      -119.45796      -119.46291      -119.46787      -119.47282      -119.53214
      -119.53706      -119.54199      -119.54692      -119.55185      -119.55677
      -119.56170      -119.56662      -119.57154      -119.57645      -119.58138
      -119.60819
      -119.32612      -119.33113      -119.33614      -119.34116      -119.34616
      -119.35117      -119.35617      -119.36118      -119.36617      -119.37117
      -119.42101      -119.42597      -119.45300      -119.45796      -119.46291
      -119.46787      -119.47282      -119.47778      -119.48273      -119.54199
      -119.54692      -119.55185      -119.55677      -119.56170      -119.56662
      -119.57154      -119.57645      -119.58138      -119.58629      -119.59120
      -119.61801
      -119.33113      -119.33614      -119.34116      -119.34616      -119.35117
      -119.35617      -119.36118      -119.36617      -119.37117      -119.37616
      -119.42597      -119.43095      -119.45796      -119.46291      -119.46787
      -119.47282      -119.47778      -119.48273      -119.48768      -119.54692
      -119.55185      -119.55677      -119.56170      -119.56662      -119.57154
      -119.57645      -119.58138      -119.58629      -119.59120      -119.59612
      -119.62292
      -119.33614      -119.34116      -119.34616      -119.35117      -119.35617
      -119.36118      -119.36617      -119.37117      -119.37616      -119.38116
      -119.43095      -119.43591      -119.46291      -119.46787      -119.47282
      -119.47778      -119.48273      -119.48768      -119.49262      -119.55185
      -119.55677      -119.56170      -119.56662      -119.57154      -119.57645
      -119.58138      -119.58629      -119.59120      -119.59612      -119.60103
      -119.62782
      -119.68459      -119.68948      -119.69437      -119.69925      -119.70413
      -119.70901      -119.71389      -119.71877      -119.72365      -119.72852
      -119.77718      -119.78204      -119.80904      -119.81390      -119.81874
      -119.82359      -119.82844      -119.83328      -119.83813      -119.89616
      -119.90099      -119.90582      -119.91066      -119.91548      -119.92031
      -119.92514      -119.92997      -119.93479      -119.93962      -119.94444
      -119.97125
      -119.75843      -119.76329      -119.76815      -119.77301      -119.77787
      -119.78273      -119.78758      -119.79243      -119.79729      -119.80214
      -119.85059      -119.85542      -119.88242      -119.88725      -119.89207
      -119.89690      -119.90173      -119.90655      -119.91137      -119.96919
      -119.97401      -119.97882      -119.98363      -119.98845      -119.99326
      -119.99807      -120.00288      -120.00769      -120.01250      -120.01731
      -120.04411
      -119.78273      -119.78758      -119.79243      -119.79729      -119.80214
      -119.80699      -119.81184      -119.81669      -119.82153      -119.82638
      -119.87476      -119.87959      -119.90655      -119.91137      -119.91619
      -119.92101      -119.92583      -119.93066      -119.93548      -119.99326
      -119.99807      -120.00288      -120.00769      -120.01250      -120.01731
      -120.02212      -120.02692      -120.03174      -120.03654      -120.04135
      -120.06812
      -119.86893      -119.87376      -119.87859      -119.88342      -119.88824
      -119.89307      -119.89789      -119.90271      -119.90752      -119.91235
      -119.96048      -119.96529      -119.99226      -119.99706      -120.00186
      -120.00666      -120.01146      -120.01626      -120.02106      -120.07858
      -120.08337      -120.08816      -120.09295      -120.09773      -120.10252
      -120.10732      -120.11211      -120.11689      -120.12168      -120.12646
      -120.15326
      -119.84664      -119.85148      -119.85632      -119.86115      -119.86598
      -119.87081      -119.87564      -119.88047      -119.88530      -119.89012
      -119.93832      -119.94315      -119.97010      -119.97491      -119.97971
      -119.98452      -119.98932      -119.99413      -119.99893      -120.05653
      -120.06133      -120.06612      -120.07092      -120.07571      -120.08051
      -120.08530      -120.09010      -120.09489      -120.09969      -120.10448
      -120.13126
      -120.19707      -120.20183      -120.20658      -120.21133      -120.21608
      -120.22083      -120.22559      -120.23033      -120.23508      -120.23984
      -120.28734      -120.29208      -120.31892      -120.32367      -120.32841
      -120.33316      -120.33791      -120.34265      -120.34740      -120.40439
      -120.40914      -120.41389      -120.41865      -120.42340      -120.42815
      -120.43291      -120.43767      -120.44243      -120.44718      -120.45194
      -120.47864
      -120.30975      -120.31448      -120.31920      -120.32392      -120.32864
      -120.33337      -120.33809      -120.34281      -120.34753      -120.35226
      -120.39951      -120.40423      -120.43110      -120.43582      -120.44054
      -120.44527      -120.44998      -120.45470      -120.45943      -120.51615
      -120.52088      -120.52562      -120.53035      -120.53509      -120.53982
      -120.54456      -120.54929      -120.55403      -120.55877      -120.56351
      -120.59024
      -120.22879      -120.23354      -120.23828      -120.24303      -120.24777
      -120.25251      -120.25726      -120.26200      -120.26675      -120.27148
      -120.31892      -120.32367      -120.35051      -120.35526      -120.35999
      -120.36473      -120.36947      -120.37421      -120.37895      -120.43587
      -120.44063      -120.44537      -120.45012      -120.45487      -120.45963
      -120.46438      -120.46912      -120.47388      -120.47864      -120.48339
      -120.51009
      -119.72218      -119.72709      -119.73199      -119.73691      -119.74181
      -119.74673      -119.75163      -119.75655      -119.76145      -119.76637
      -119.81548      -119.82040      -119.84666      -119.85158      -119.85648
      -119.86140      -119.86631      -119.87122      -119.87614      -119.93514
      -119.94007      -119.94499      -119.94992      -119.95484      -119.95977
      -119.96470      -119.96963      -119.97456      -119.97948      -119.98442
      -120.01062
      -117.64199      -117.64771      -117.65342      -117.65913      -117.66483
      -117.67052      -117.67620      -117.68188      -117.68755      -117.69322
      -117.74957      -117.75517      -117.78223      -117.78781      -117.79340
      -117.79897      -117.80454      -117.81010      -117.81567      -117.88196
      -117.88745      -117.89294      -117.89842      -117.90389      -117.90936
      -117.91483      -117.92030      -117.92575      -117.93120      -117.93665
      -117.96344
      -117.97478      -117.98036      -117.98593      -117.99150      -117.99706
      -118.00262      -118.00817      -118.01372      -118.01926      -118.02479
      -118.07984      -118.08532      -118.11237      -118.11783      -118.12328
      -118.12874      -118.13419      -118.13963      -118.14507      -118.20995
      -118.21532      -118.22070      -118.22606      -118.23142      -118.23679
      -118.24214      -118.24749      -118.25284      -118.25818      -118.26352
      -118.29031
      -117.32648      -117.33231      -117.33815      -117.34397      -117.34979
      -117.35560      -117.36140      -117.36720      -117.37299      -117.37878
      -117.43625      -117.44196      -117.46899      -117.47469      -117.48038
      -117.48607      -117.49174      -117.49741      -117.50308      -117.57061
      -117.57619      -117.58178      -117.58736      -117.59293      -117.59850
      -117.60406      -117.60963      -117.61517      -117.62072      -117.62627
      -117.65304
      -118.30206      -118.30751      -118.31295      -118.31839      -118.32382
      -118.32925      -118.33467      -118.34009      -118.34550      -118.35091
      -118.40472      -118.41008      -118.43716      -118.44250      -118.44785
      -118.45318      -118.45850      -118.46383      -118.46915      -118.53268
      -118.53796      -118.54322      -118.54848      -118.55374      -118.55899
      -118.56424      -118.56949      -118.57473      -118.57997      -118.58521
      -118.61203
      -117.98593      -117.99150      -117.99706      -118.00262      -118.00817
      -118.01372      -118.01926      -118.02479      -118.03032      -118.03584
      -118.09079      -118.09625      -118.12328      -118.12874      -118.13419
      -118.13963      -118.14507      -118.15050      -118.15592      -118.22070
      -118.22606      -118.23142      -118.23679      -118.24214      -118.24749
      -118.25284      -118.25818      -118.26352      -118.26885      -118.27419
      -118.30096
      -118.31839      -118.32382      -118.32925      -118.33467      -118.34009
      -118.34550      -118.35091      -118.35631      -118.36171      -118.36710
      -118.42078      -118.42612      -118.45318      -118.45850      -118.46383
      -118.46915      -118.47447      -118.47978      -118.48509      -118.54848
      -118.55374      -118.55899      -118.56424      -118.56949      -118.57473
      -118.57997      -118.58521      -118.59044      -118.59566      -118.60089
      -118.62769
      -118.66159      -118.66688      -118.67216      -118.67744      -118.68272
      -118.68800      -118.69327      -118.69853      -118.70380      -118.70905
      -118.76141      -118.76662      -118.79369      -118.79890      -118.80409
      -118.80929      -118.81448      -118.81966      -118.82485      -118.88680
      -118.89194      -118.89709      -118.90222      -118.90736      -118.91248
      -118.91761      -118.92274      -118.92786      -118.93298      -118.93809
      -118.96491
      -118.91105      -118.91624      -118.92141      -118.92659      -118.93176
      -118.93693      -118.94209      -118.94726      -118.95242      -118.95757
      -119.00893      -119.01405      -119.04111      -119.04621      -119.05132
      -119.05642      -119.06152      -119.06661      -119.07170      -119.13260
      -119.13765      -119.14271      -119.14776      -119.15281      -119.15786
      -119.16290      -119.16795      -119.17298      -119.17802      -119.18306
      -119.20987
      -119.31608      -119.32110      -119.32612      -119.33113      -119.33614
      -119.34116      -119.34616      -119.35117      -119.35617      -119.36118
      -119.41106      -119.41603      -119.44307      -119.44804      -119.45300
      -119.45796      -119.46291      -119.46787      -119.47282      -119.53214
      -119.53706      -119.54199      -119.54692      -119.55185      -119.55677
      -119.56170      -119.56662      -119.57154      -119.57645      -119.58138
      -119.60819
      -119.32612      -119.33113      -119.33614      -119.34116      -119.34616
      -119.35117      -119.35617      -119.36118      -119.36617      -119.37117
      -119.42101      -119.42597      -119.45300      -119.45796      -119.46291
      -119.46787      -119.47282      -119.47778      -119.48273      -119.54199
      -119.54692      -119.55185      -119.55677      -119.56170      -119.56662
      -119.57154      -119.57645      -119.58138      -119.58629      -119.59120
      -119.61801
      -119.33113      -119.33614      -119.34116      -119.34616      -119.35117
      -119.35617      -119.36118      -119.36617      -119.37117      -119.37616
      -119.42597      -119.43095      -119.45796      -119.46291      -119.46787
      -119.47282      -119.47778      -119.48273      -119.48768      -119.54692
      -119.55185      -119.55677      -119.56170      -119.56662      -119.57154
      -119.57645      -119.58138      -119.58629      -119.59120      -119.59612
      -119.62292
      -119.33614      -119.34116      -119.34616      -119.35117      -119.35617
      -119.36118      -119.36617      -119.37117      -119.37616      -119.38116
      -119.43095      -119.43591      -119.46291      -119.46787      -119.47282
      -119.47778      -119.48273      -119.48768      -119.49262      -119.55185
      -119.55677      -119.56170      -119.56662      -119.57154      -119.57645
      -119.58138      -119.58629      -119.59120      -119.59612      -119.60103
      -119.62782
      -119.68459      -119.68948      -119.69437      -119.69925      -119.70413
      -119.70901      -119.71389      -119.71877      -119.72365      -119.72852
      -119.77718      -119.78204      -119.80904      -119.81390      -119.81874
      -119.82359      -119.82844      -119.83328      -119.83813      -119.89616
      -119.90099      -119.90582      -119.91066      -119.91548      -119.92031
      -119.92514      -119.92997      -119.93479      -119.93962      -119.94444
      -119.97125
      -119.75843      -119.76329      -119.76815      -119.77301      -119.77787
      -119.78273      -119.78758      -119.79243      -119.79729      -119.80214
      -119.85059      -119.85542      -119.88242      -119.88725      -119.89207
      -119.89690      -119.90173      -119.90655      -119.91137      -119.96919
      -119.97401      -119.97882      -119.98363      -119.98845      -119.99326
      -119.99807      -120.00288      -120.00769      -120.01250      -120.01731
      -120.04411
      -119.78273      -119.78758      -119.79243      -119.79729      -119.80214
      -119.80699      -119.81184      -119.81669      -119.82153      -119.82638
      -119.87476      -119.87959      -119.90655      -119.91137      -119.91619
      -119.92101      -119.92583      -119.93066      -119.93548      -119.99326
      -119.99807      -120.00288      -120.00769      -120.01250      -120.01731
      -120.02212      -120.02692      -120.03174      -120.03654      -120.04135
      -120.06812
      -119.86893      -119.87376      -119.87859      -119.88342      -119.88824
      -119.89307      -119.89789      -119.90271      -119.90752      -119.91235
      -119.96048      -119.96529      -119.99226      -119.99706      -120.00186
      -120.00666      -120.01146      -120.01626      -120.02106      -120.07858
      -120.08337      -120.08816      -120.09295      -120.09773      -120.10252
      -120.10732      -120.11211      -120.11689      -120.12168      -120.12646
      -120.15326
      -119.84664      -119.85148      -119.85632      -119.86115      -119.86598
      -119.87081      -119.87564      -119.88047      -119.88530      -119.89012
      -119.93832      -119.94315      -119.97010      -119.97491      -119.97971
      -119.98452      -119.98932      -119.99413      -119.99893      -120.05653
      -120.06133      -120.06612      -120.07092      -120.07571      -120.08051
      -120.08530      -120.09010      -120.09489      -120.09969      -120.10448
      -120.13126
      -120.19707      -120.20183      -120.20658      -120.21133      -120.21608
      -120.22083      -120.22559      -120.23033      -120.23508      -120.23984
      -120.28734      -120.29208      -120.31892      -120.32367      -120.32841
      -120.33316      -120.33791      -120.34265      -120.34740      -120.40439
      -120.40914      -120.41389      -120.41865      -120.42340      -120.42815
      -120.43291      -120.43767      -120.44243      -120.44718      -120.45194
      -120.47864
      -120.30975      -120.31448      -120.31920      -120.32392      -120.32864
      -120.33337      -120.33809      -120.34281      -120.34753      -120.35226
      -120.39951      -120.40423      -120.43110      -120.43582      -120.44054
      -120.44527      -120.44998      -120.45470      -120.45943      -120.51615
      -120.52088      -120.52562      -120.53035      -120.53509      -120.53982
      -120.54456      -120.54929      -120.55403      -120.55877      -120.56351
      -120.59024
      -120.22879      -120.23354      -120.23828      -120.24303      -120.24777
      -120.25251      -120.25726      -120.26200      -120.26675      -120.27148
      -120.31892      -120.32367      -120.35051      -120.35526      -120.35999
      -120.36473      -120.36947      -120.37421      -120.37895      -120.43587
      -120.44063      -120.44537      -120.45012      -120.45487      -120.45963
      -120.46438      -120.46912      -120.47388      -120.47864      -120.48339
      -120.51009
      -119.72218      -119.72709      -119.73199      -119.73691      -119.74181
      -119.74673      -119.75163      -119.75655      -119.76145      -119.76637
      -119.81548      -119.82040      -119.84666      -119.85158      -119.85648
      -119.86140      -119.86631      -119.87122      -119.87614      -119.93514
      -119.94007      -119.94499      -119.94992      -119.95484      -119.95977
      -119.96470      -119.96963      -119.97456      -119.97948      -119.98442
      -120.01062
      -119.76815      -119.77301      -119.77787      -119.78273      -119.78758
      -119.79243      -119.79729      -119.80214      -119.80699      -119.81184
      -119.86026      -119.86509      -119.89207      -119.89690      -119.90173
      -119.90655      -119.91137      -119.91619      -119.92101      -119.97882
      -119.98363      -119.98845      -119.99326      -119.99807      -120.00288
      -120.00769      -120.01250      -120.01731      -120.02212      -120.02692
      -120.05371
      -119.77301      -119.77787      -119.78273      -119.78758      -119.79243
      -119.79729      -119.80214      -119.80699      -119.81184      -119.81669
      -119.86509      -119.86993      -119.89690      -119.90173      -119.90655
      -119.91137      -119.91619      -119.92101      -119.92583      -119.98363
      -119.98845      -119.99326      -119.99807      -120.00288      -120.00769
      -120.01250      -120.01731      -120.02212      -120.02692      -120.03174
      -120.05852
      -120.25577      -120.26051      -120.26524      -120.26998      -120.27472
      -120.27946      -120.28419      -120.28893      -120.29366      -120.29840
      -120.34577      -120.35051      -120.37737      -120.38210      -120.38683
      -120.39156      -120.39630      -120.40103      -120.40577      -120.46262
      -120.46737      -120.47211      -120.47685      -120.48160      -120.48634
      -120.49109      -120.49584      -120.50059      -120.50534      -120.51009
      -120.53680
      -119.76815      -119.77301      -119.77787      -119.78273      -119.78758
      -119.79243      -119.79729      -119.80214      -119.80699      -119.81184
      -119.86026      -119.86509      -119.89207      -119.89690      -119.90173
      -119.90655      -119.91137      -119.91619      -119.92101      -119.97882
      -119.98363      -119.98845      -119.99326      -119.99807      -120.00288
      -120.00769      -120.01250      -120.01731      -120.02212      -120.02692
      -120.05371
      -119.77301      -119.77787      -119.78273      -119.78758      -119.79243
      -119.79729      -119.80214      -119.80699      -119.81184      -119.81669
      -119.86509      -119.86993      -119.89690      -119.90173      -119.90655
      -119.91137      -119.91619      -119.92101      -119.92583      -119.98363
      -119.98845      -119.99326      -119.99807      -120.00288      -120.00769
      -120.01250      -120.01731      -120.02212      -120.02692      -120.03174
      -120.05852
      -120.25577      -120.26051      -120.26524      -120.26998      -120.27472
      -120.27946      -120.28419      -120.28893      -120.29366      -120.29840
      -120.34577      -120.35051      -120.37737      -120.38210      -120.38683
      -120.39156      -120.39630      -120.40103      -120.40577      -120.46262
      -120.46737      -120.47211      -120.47685      -120.48160      -120.48634
      -120.49109      -120.49584      -120.50059      -120.50534      -120.51009
      -120.53680
      -119.76815      -119.77301      -119.77787      -119.78273      -119.78758
      -119.79243      -119.79729      -119.80214      -119.80699      -119.81184
      -119.86026      -119.86509      -119.89207      -119.89690      -119.90173
      -119.90655      -119.91137      -119.91619      -119.92101      -119.97882
      -119.98363      -119.98845      -119.99326      -119.99807      -120.00288
      -120.00769      -120.01250      -120.01731      -120.02212      -120.02692
      -120.05371
      -119.77301      -119.77787      -119.78273      -119.78758      -119.79243
      -119.79729      -119.80214      -119.80699      -119.81184      -119.81669
      -119.86509      -119.86993      -119.89690      -119.90173      -119.90655
      -119.91137      -119.91619      -119.92101      -119.92583      -119.98363
      -119.98845      -119.99326      -119.99807      -120.00288      -120.00769
      -120.01250      -120.01731      -120.02212      -120.02692      -120.03174
      -120.05852
      -120.25577      -120.26051      -120.26524      -120.26998      -120.27472
      -120.27946      -120.28419      -120.28893      -120.29366      -120.29840
      -120.34577      -120.35051      -120.37737      -120.38210      -120.38683
      -120.39156      -120.39630      -120.40103      -120.40577      -120.46262
      -120.46737      -120.47211      -120.47685      -120.48160      -120.48634
      -120.49109      -120.49584      -120.50059      -120.50534      -120.51009
      -120.53680
